0
0.5036567466646181
0.6236259698508655
0.6585690265176022
0.6768059295353477
0.6994304349657899
0.7168219728875406
0.7215408069130931
0.7578694802691109
0.7439604555163245
0.7785073747410848
0.7605484155723954
0.7710283495330551
0.7788482435092522
0.7788645669325173
0.7704069492684934
0.7787431089810464
0.8009173106511714
0.7843635157890484
0.8037781852445878
0.8054012070396623
0.8210489430020511
0.819887892461331
0.8190819371513967
0.8186601236453098
0.8146014593188987
0.8123357018897159
0.8112483267323836
0.8110141493190915
0.8159210009325872
0.8150499153232038
